0.18 0.29
0.27 0.33
0.95 0.73
0.71 0.51
0.13 0.30
0.36 0.20
0.59 0.64
0.01 0.91
0.18 0.82
1.00 0.91
0.85 0.12
0.16 0.99
1.00 0.61
0.47 0.35
0.33 0.78
0.36 0.75
0.65 0.54
0.53 0.96
0.39 0.64
0.10 0.87
0.87 0.72
0.73 0.83
0.93 0.72
0.34 0.21
0.87 0.31
0.84 0.79
0.51 0.79
0.12 0.15
0.78 0.20
0.50 0.67
0.90 0.44
0.08 0.93
0.96 0.08
0.68 0.58
0.40 0.55
0.61 0.28
0.82 0.78
0.28 0.98
0.13 0.01
0.88 0.40
0.38 0.56
0.45 0.20
0.30 0.28
0.13 0.72
0.73 0.70
0.65 0.52
0.73 0.10
0.02 0.66
0.15 0.61
0.41 0.83
0.89 0.52
0.25 0.52
0.78 0.25
0.53 0.90
0.60 0.03
0.63 0.08
0.37 0.60
0.36 0.67
0.14 0.86
0.12 0.99
0.27 0.71
0.91 0.91
0.59 0.70
0.25 0.70
0.05 0.46
0.21 0.30
0.85 0.07
0.21 0.58
0.84 0.41
0.80 0.54
0.42 0.38
0.35 0.08
0.33 0.52
0.38 0.79
0.01 0.87
0.36 0.60
0.95 0.03
0.57 0.49
0.65 0.39
0.72 0.42
0.53 0.55
0.40 0.58
0.80 0.92
0.27 0.76
0.89 0.29
0.00 0.88
0.64 0.69
0.29 0.74
0.38 0.13
0.45 0.43
0.94 0.04
0.94 0.42
0.56 0.73
1.00 0.78
0.82 0.24
0.71 0.83
0.13 0.52
0.47 0.47
0.44 0.75
